2 0.7359375 0.51171875 0.13125 0.390625
1 0.36003124999999997 0.7674531250000001 0.15584375 0.33004687499999996
1 0.350078125 0.40915625 0.067203125 0.376140625
1 0.841734375 0.3891875 0.098390625 0.33273437499999997
1 0.883640625 0.35757812499999997 0.06987499999999999 0.308140625
1 0.79525 0.224953125 0.040531250000000005 0.15814062499999998
1 0.8325156249999999 0.200875 0.038890625 0.106078125
1 0.49365625 0.29321875 0.089234375 0.2386875
1 0.111359375 0.39464062499999997 0.091078125 0.330875
1 0.216578125 0.326640625 0.08328125 0.288296875
1 0.15142187499999998 0.330390625 0.09340625 0.254875