1 0.3125 0.4808259587020649 0.0986328125 0.3466076696165192
1 0.39892578125 0.4837758112094395 0.0849609375 0.3525073746312684
1 0.455078125 0.4557522123893805 0.044921875 0.28023598820059
1 0.466796875 0.4638643067846608 0.0439453125 0.2949852507374631
1 0.455078125 0.3355457227138643 0.013671875 0.035398230088495575
1 0.47998046875 0.47271386430678464 0.05859375 0.3421828908554572
1 0.52880859375 0.5390855457227138 0.138671875 0.4837758112094395
1 0.736328125 0.3473451327433628 0.1904296875 0.0752212389380531
1 0.84423828125 0.3525073746312684 0.0166015625 0.07374631268436578
1 0.8720703125 0.3480825958702065 0.0166015625 0.07374631268436578
1 0.96484375 0.27876106194690264 0.0693359375 0.06932153392330384
3 0.2763671875 0.49336283185840707 0.0205078125 0.1224188790560472
3 0.36865234375 0.497787610619469 0.0087890625 0.09734513274336283