3 0.5616740088105727 0.95849609375 0.8737151248164464 0.0751953125
3 0.5983847283406755 0.66943359375 0.8002936857562408 0.0556640625
1 0.6828193832599119 0.349609375 0.6343612334801763 0.638671875
1 0.3891336270190896 0.34765625 0.42290748898678415 0.615234375
1 0.04698972099853157 0.24365234375 0.09104258443465492 0.4853515625
1 0.07195301027900147 0.2373046875 0.1027900146842878 0.470703125
1 0.184287812041116 0.236328125 0.13656387665198239 0.470703125
1 0.2856093979441997 0.23583984375 0.23641703377386197 0.4697265625
3 0.6211453744493393 0.904296875 0.7577092511013216 0.06640625
0 0.7136563876651982 0.8623046875 0.5697503671071953 0.052734375
0 0.5602055800293686 0.86279296875 0.8737151248164464 0.0556640625
0 0.6233480176211453 0.8125 0.7533039647577092 0.068359375
0 0.5734214390602056 0.7880859375 0.8531571218795888 0.080078125
0 0.5602055800293686 0.76220703125 0.8502202643171806 0.0576171875
0 0.4199706314243759 0.72119140625 0.8370044052863436 0.0556640625