0 0.08272327964860908 0.09521484375 0.12005856515373353 0.1904296875
0 0.12225475841874085 0.50341796875 0.16398243045387995 0.7021484375
0 0.21961932650073207 0.04736328125 0.07759882869692533 0.0947265625
0 0.30600292825768666 0.47119140625 0.1259150805270864 0.791015625
0 0.35212298682284043 0.0419921875 0.06442166910688141 0.083984375
0 0.45314787701317716 0.482421875 0.15373352855051245 0.78515625
0 0.6339677891654466 0.51123046875 0.10980966325036604 0.7412109375
0 0.8052708638360175 0.51708984375 0.13177159590043924 0.734375
0 0.8169838945827232 0.06591796875 0.09224011713030747 0.1318359375
0 0.9692532942898975 0.06201171875 0.05856515373352855 0.1240234375
0 0.972181551976574 0.552734375 0.05417276720351391 0.6796875