3 0.41552734375 0.3587239583333333 0.2275390625 0.07942708333333333
3 0.65380859375 0.3828125 0.0205078125 0.19010416666666666
1 0.54296875 0.5670572916666666 0.0859375 0.40234375
1 0.51953125 0.283203125 0.07421875 0.22265625
1 0.58203125 0.3483072916666667 0.037109375 0.08463541666666667
1 0.6279296875 0.3528645833333333 0.09765625 0.2265625
1 0.66650390625 0.3203125 0.0224609375 0.041666666666666664
1 0.712890625 0.3841145833333333 0.09765625 0.17708333333333334
1 0.7978515625 0.4029947916666667 0.083984375 0.20963541666666666
1 0.85205078125 0.4192708333333333 0.0634765625 0.1328125
1 0.86669921875 0.3528645833333333 0.0400390625 0.08072916666666667
1 0.89208984375 0.3990885416666667 0.0693359375 0.16536458333333334
1 0.95654296875 0.408203125 0.0751953125 0.16015625