3 0.88232421875 0.5578330893118595 0.2333984375 0.7818448023426061
1 0.70703125 0.15226939970717424 0.119140625 0.30161054172767204
1 0.611328125 0.1800878477306003 0.107421875 0.3191800878477306
1 0.42236328125 0.15446559297218154 0.0732421875 0.21815519765739386
1 0.2900390625 0.1603221083455344 0.0703125 0.29428989751098095
1 0.2138671875 0.1603221083455344 0.08203125 0.16544655929721816
1 0.08935546875 0.2547584187408492 0.1123046875 0.2518301610541728
1 0.77685546875 0.5234260614934114 0.4462890625 0.9209370424597365
1 0.38671875 0.5204978038067349 0.427734375 0.7920937042459737
1 0.2568359375 0.4838945827232797 0.388671875 0.7159590043923866
1 0.25927734375 0.29941434846266474 0.1005859375 0.12152269399707175
1 0.15771484375 0.43923865300146414 0.2197265625 0.404099560761347
1 0.046875 0.4699853587115666 0.091796875 0.2518301610541728