0 0.064453125 0.18521229868228403 0.126953125 0.09224011713030747
0 0.0849609375 0.6207906295754027 0.16796875 0.0849194729136164
0 0.14404296875 0.7957540263543191 0.2861328125 0.11566617862371889
0 0.15576171875 0.7086383601756955 0.3095703125 0.13177159590043924
0 0.0654296875 0.2774524158125915 0.107421875 0.08931185944363104
0 0.21337890625 0.22913616398243045 0.2255859375 0.08345534407027819
0 0.22705078125 0.12225475841874085 0.2138671875 0.07174231332357248
0 0.6162109375 0.5248901903367497 0.765625 0.3001464128843338
0 0.52734375 0.6266471449487555 0.5625 0.1903367496339678
0 0.57421875 0.9260614934114202 0.51953125 0.14494875549048317
0 0.40869140625 0.16251830161054173 0.1044921875 0.22840409956076135
0 0.68408203125 0.31551976573938506 0.6298828125 0.16544655929721816
0 0.91650390625 0.7284040995607614 0.1650390625 0.1478770131771596