1 0.7 0.2875 0.08229166666666667 0.290625
1 0.39895833333333336 0.18125 0.065625 0.2703125
1 0.3177083333333333 0.1828125 0.07291666666666667 0.265625
1 0.27760416666666665 0.2890625 0.059375 0.3265625
1 0.1234375 0.27734375 0.10833333333333334 0.328125
1 0.17916666666666667 0.75546875 0.15416666666666667 0.48125
1 0.40729166666666666 0.75078125 0.16458333333333333 0.490625
3 0.096875 0.175 0.058333333333333334 0.0609375
3 0.26458333333333334 0.27265625 0.028125 0.1359375
3 0.7171875 0.26171875 0.04583333333333333 0.1140625
3 0.4317708333333333 0.76875 0.115625 0.1859375
3 0.19270833333333334 0.74609375 0.10833333333333334 0.190625