0 0.173828125 0.232421875 0.298828125 0.15625
0 0.8642578125 0.2294921875 0.244140625 0.228515625
0 0.84326171875 0.2783203125 0.2041015625 0.177734375
0 0.8291015625 0.3515625 0.201171875 0.16015625
0 0.7919921875 0.3974609375 0.166015625 0.158203125
0 0.77294921875 0.49609375 0.1708984375 0.2421875
0 0.7138671875 0.5869140625 0.197265625 0.525390625
0 0.5810546875 0.6005859375 0.072265625 0.412109375
0 0.427734375 0.6484375 0.294921875 0.53125
0 0.3525390625 0.5869140625 0.341796875 0.357421875
0 0.37060546875 0.4775390625 0.3701171875 0.341796875
0 0.26904296875 0.4912109375 0.3427734375 0.337890625
0 0.23876953125 0.458984375 0.2431640625 0.24609375
0 0.31103515625 0.30078125 0.3369140625 0.34765625
0 0.240234375 0.3125 0.283203125 0.296875
0 0.50341796875 0.2373046875 0.1240234375 0.107421875