1 0.13623046875 0.307797537619699 0.0869140625 0.19425444596443228
1 0.212890625 0.4377564979480164 0.15234375 0.36114911080711354
1 0.2919921875 0.38372093023255816 0.0859375 0.22298221614227087
1 0.3974609375 0.5923392612859097 0.15234375 0.3748290013679891
1 0.36279296875 0.38782489740082077 0.0556640625 0.1518467852257182
1 0.4951171875 0.45964432284541723 0.09375 0.24897400820793433
1 0.654296875 0.6381668946648427 0.39453125 0.40902872777017785
1 0.60546875 0.5088919288645691 0.23828125 0.3283173734610123
3 0.1259765625 0.3112175102599179 0.107421875 0.06703146374829001
3 0.1376953125 0.542407660738714 0.033203125 0.18194254445964433
3 0.86376953125 0.5642954856361149 0.2255859375 0.11354309165526676