1 0.18177083333333333 0.7609375 0.15104166666666666 0.478125
1 0.4088541666666667 0.753125 0.15520833333333334 0.49375
1 0.69375 0.28984375 0.06666666666666667 0.284375
1 0.403125 0.1859375 0.0625 0.26875
1 0.3229166666666667 0.19453125 0.07291666666666667 0.2453125
1 0.2786458333333333 0.28984375 0.05520833333333333 0.3203125
1 0.13333333333333333 0.28203125 0.09375 0.325
3 0.7171875 0.26015625 0.04375 0.0953125
3 0.42552083333333335 0.746875 0.121875 0.2015625
3 0.096875 0.17734375 0.053125 0.0515625
3 0.2671875 0.27578125 0.029166666666666667 0.1203125
3 0.1796875 0.709375 0.1125 0.1640625