1 0.37104930467762326 0.34521484375 0.07838179519595449 0.140625
1 0.3805309734513274 0.69140625 0.19469026548672566 0.1025390625
1 0.47092288242730723 0.35498046875 0.06573957016434892 0.09375
1 0.5948166877370418 0.3369140625 0.15423514538558786 0.1474609375
1 0.6833122629582806 0.541015625 0.1125158027812895 0.1025390625
1 0.7730720606826802 0.53857421875 0.04424778761061947 0.083984375
1 0.8103666245259166 0.54541015625 0.018963337547408345 0.04296875
3 0.3805309734513274 0.373046875 0.05056890012642225 0.087890625
3 0.4336283185840708 0.35107421875 0.04677623261694058 0.056640625
3 0.5815423514538559 0.6845703125 0.14412136536030343 0.0595703125
3 0.7743362831858407 0.86083984375 0.10366624525916561 0.0322265625
3 0.7996207332490518 0.4658203125 0.07964601769911504 0.072265625