1 0.1533203125 0.6796187683284457 0.2470703125 0.6407624633431085
3 0.5205078125 0.6502932551319648 0.212890625 0.2932551319648094
1 0.24951171875 0.532258064516129 0.064453125 0.13196480938416422
1 0.33837890625 0.6099706744868035 0.1640625 0.40175953079178883
1 0.42431640625 0.6392961876832844 0.30078125 0.6598240469208211
1 0.7958984375 0.6312316715542522 0.31640625 0.5483870967741935
1 0.70947265625 0.5579178885630498 0.1279296875 0.36950146627565983
1 0.93310546875 0.532991202346041 0.1279296875 0.3196480938416422
3 0.1875 0.6693548387096774 0.2138671875 0.3548387096774194
3 0.18603515625 0.8841642228739003 0.1982421875 0.18035190615835778
3 0.81640625 0.5733137829912024 0.326171875 0.17302052785923755
3 0.9423828125 0.5197947214076246 0.111328125 0.1187683284457478