1 0.14794921875 0.6290560471976401 0.0791015625 0.4085545722713864
1 0.26025390625 0.6194690265486725 0.1337890625 0.44837758112094395
1 0.2373046875 0.6305309734513275 0.07421875 0.43215339233038347
1 0.29931640625 0.6320058997050148 0.1162109375 0.4144542772861357
1 0.3828125 0.5943952802359882 0.103515625 0.39823008849557523
1 0.39697265625 0.6179941002949852 0.0556640625 0.3775811209439528
1 0.47998046875 0.5781710914454278 0.1318359375 0.4306784660766962
1 0.544921875 0.5899705014749262 0.109375 0.44837758112094395
1 0.75 0.551622418879056 0.220703125 0.45427728613569324
1 0.91015625 0.5685840707964602 0.123046875 0.4616519174041298
1 0.95751953125 0.6489675516224189 0.0830078125 0.4778761061946903
1 0.95849609375 0.46607669616519176 0.0810546875 0.2831858407079646
3 0.56640625 0.4491150442477876 0.224609375 0.051622418879056046
0 0.87744140625 0.4446902654867257 0.0400390625 0.03982300884955752
3 0.62939453125 0.4424778761061947 0.1552734375 0.05014749262536873
3 0.3427734375 0.4756637168141593 0.021484375 0.025073746312684365
3 0.4111328125 0.45353982300884954 0.044921875 0.045722713864306784
3 0.3203125 0.4579646017699115 0.076171875 0.025073746312684365