3 0.60888671875 0.5571010248901903 0.197265625 0.16691068814055637
1 0.1611328125 0.44875549048316254 0.1201171875 0.17423133235724744
1 0.23583984375 0.4341142020497804 0.0751953125 0.19912152269399708
1 0.24755859375 0.3235724743777452 0.0546875 0.08199121522693997
1 0.32421875 0.445095168374817 0.07421875 0.19912152269399708
1 0.33642578125 0.369692532942899 0.037109375 0.09370424597364568
1 0.50927734375 0.6559297218155198 0.3193359375 0.513909224011713
1 0.3720703125 0.32503660322108346 0.037109375 0.029282576866764276
1 0.419921875 0.3616398243045388 0.05078125 0.1171303074670571
1 0.95068359375 0.37701317715959004 0.09765625 0.14494875549048317
3 0.20458984375 0.5058565153733529 0.06640625 0.08784773060029283
3 0.25390625 0.4472913616398243 0.01953125 0.08199121522693997
3 0.3037109375 0.4568081991215227 0.01171875 0.07906295754026355
3 0.34423828125 0.38872620790629575 0.033203125 0.0424597364568082
3 0.34765625 0.36603221083455345 0.025390625 0.024890190336749635
3 0.42236328125 0.3623718887262079 0.0341796875 0.048316251830161056
3 0.431640625 0.34553440702781846 0.0185546875 0.020497803806734993