3 0.14501953125 0.4346895074946467 0.0126953125 0.08565310492505353
3 0.375 0.18843683083511778 0.025390625 0.02569593147751606
3 0.5458984375 0.2044967880085653 0.021484375 0.014989293361884369
3 0.71826171875 0.16167023554603854 0.0224609375 0.014989293361884369
3 0.88427734375 0.1809421841541756 0.0205078125 0.014989293361884369
1 0.10693359375 0.5192719486081371 0.1513671875 0.961456102783726
1 0.2080078125 0.480728051391863 0.125 0.7002141327623126
1 0.4326171875 0.45074946466809424 0.125 0.683083511777302
1 0.60791015625 0.44967880085653106 0.1220703125 0.6252676659528907
1 0.779296875 0.4068522483940043 0.150390625 0.6167023554603854
1 0.93896484375 0.39721627408993576 0.1220703125 0.5802997858672377