1 0.0556640625 0.5087847730600292 0.1015625 0.6866764275256223
1 0.146484375 0.5761346998535871 0.177734375 0.8448023426061494
1 0.33349609375 0.5644216691068814 0.2802734375 0.8682284040995608
1 0.43896484375 0.5263543191800878 0.1689453125 0.6222547584187409
1 0.5966796875 0.5761346998535871 0.20703125 0.7130307467057101
1 0.8603515625 0.5461200585651538 0.27734375 0.9048316251830161
1 0.935546875 0.5241581259150805 0.126953125 0.8404099560761347
0 0.09912109375 0.21888726207906295 0.0498046875 0.11273792093704246
0 0.35888671875 0.12884333821376281 0.0419921875 0.1259150805270864
0 0.5009765625 0.39751098096632503 0.228515625 0.20644216691068815
0 0.4755859375 0.5863836017569546 0.140625 0.07759882869692533
0 0.6484375 0.16764275256222547 0.34765625 0.3235724743777452
0 0.95751953125 0.6456808199121523 0.0830078125 0.22547584187408493