3 0.5947136563876652 0.91552734375 0.11747430249632893 0.1669921875
1 0.07709251101321586 0.7861328125 0.1512481644640235 0.427734375
1 0.3311306901615272 0.78466796875 0.28928046989721 0.4306640625
1 0.5234948604992657 0.79833984375 0.37738619676945667 0.4033203125
1 0.869309838472834 0.59716796875 0.18208516886930984 0.1376953125
1 0.7819383259911894 0.5830078125 0.17180616740088106 0.22265625
1 0.630690161527166 0.51513671875 0.17474302496328928 0.1904296875
1 0.4911894273127753 0.4794921875 0.17180616740088106 0.255859375
1 0.46402349486049926 0.3837890625 0.19970631424375918 0.232421875
1 0.3788546255506608 0.33740234375 0.14684287812041116 0.2451171875
1 0.2393538913362702 0.251953125 0.14684287812041116 0.197265625