1 0.24853515625 0.7039274924471299 0.0654296875 0.39123867069486407
1 0.3203125 0.7953172205438066 0.1171875 0.40634441087613293
1 0.32763671875 0.32099697885196377 0.08203125 0.2794561933534743
1 0.412109375 0.7145015105740181 0.103515625 0.3610271903323263
1 0.53076171875 0.6163141993957704 0.076171875 0.33987915407854985
1 0.5400390625 0.29154078549848944 0.064453125 0.229607250755287
1 0.5908203125 0.6487915407854985 0.107421875 0.26435045317220546
1 0.59765625 0.5219033232628398 0.060546875 0.14350453172205438
1 0.66650390625 0.6533232628398792 0.0654296875 0.24924471299093656
1 0.76611328125 0.6918429003021148 0.0693359375 0.3066465256797583
1 0.80859375 0.4350453172205438 0.0673828125 0.24169184290030213
3 0.3857421875 0.6744712990936556 0.0478515625 0.15861027190332327