1 0.55712890625 0.5838445807770961 0.0615234375 0.3783231083844581
1 0.095703125 0.5777096114519428 0.1484375 0.26380368098159507
1 0.13037109375 0.4059304703476483 0.1083984375 0.2147239263803681
1 0.162109375 0.3210633946830266 0.048828125 0.07770961145194274
1 0.19580078125 0.5470347648261759 0.1005859375 0.3047034764826176
1 0.228515625 0.4130879345603272 0.087890625 0.15950920245398773
1 0.228515625 0.2893660531697341 0.080078125 0.08384458077709611
1 0.35595703125 0.5766871165644172 0.1240234375 0.36809815950920244
1 0.4287109375 0.4233128834355828 0.056640625 0.130879345603272
1 0.47314453125 0.623721881390593 0.1416015625 0.33537832310838445
1 0.58642578125 0.4130879345603272 0.0556640625 0.2085889570552147
1 0.69091796875 0.6042944785276073 0.0986328125 0.3456032719836401
1 0.69091796875 0.3558282208588957 0.0849609375 0.15132924335378323
1 0.794921875 0.5950920245398773 0.119140625 0.36400817995910023
1 0.853515625 0.5143149284253579 0.08984375 0.22699386503067484
1 0.90966796875 0.6165644171779141 0.1162109375 0.32515337423312884
3 0.0380859375 0.565439672801636 0.07421875 0.05112474437627812
3 0.06494140625 0.41411042944785276 0.0341796875 0.12883435582822086
3 0.12841796875 0.3394683026584867 0.0810546875 0.3721881390593047
0 0.12451171875 0.24028629856850717 0.0146484375 0.08793456032719836
0 0.189453125 0.3425357873210634 0.08203125 0.2719836400817996
0 0.19287109375 0.21063394683026584 0.0341796875 0.13496932515337423
0 0.26611328125 0.26482617586912066 0.0224609375 0.30879345603271985
0 0.29638671875 0.27607361963190186 0.0419921875 0.18404907975460122
0 0.296875 0.4437627811860941 0.04296875 0.19631901840490798
0 0.2998046875 0.1983640081799591 0.03515625 0.065439672801636
0 0.3515625 0.4376278118609407 0.068359375 0.4662576687116564
0 0.357421875 0.19325153374233128 0.01953125 0.09611451942740286
0 0.359375 0.18609406952965235 0.01171875 0.11042944785276074
0 0.4140625 0.3047034764826176 0.103515625 0.08997955010224949
0 0.40673828125 0.25971370143149286 0.0146484375 0.15132924335378323
0 0.48388671875 0.3783231083844581 0.0380859375 0.12678936605316973
0 0.4833984375 0.2607361963190184 0.03515625 0.25153374233128833
0 0.517578125 0.3997955010224949 0.017578125 0.19427402862985685
0 0.60595703125 0.47443762781186094 0.0869140625 0.5848670756646217
0 0.580078125 0.37525562372188137 0.01953125 0.2147239263803681
0 0.6962890625 0.33640081799591004 0.04296875 0.2392638036809816
0 0.73681640625 0.5940695296523517 0.0419921875 0.21881390593047034
0 0.7353515625 0.4376278118609407 0.015625 0.17586912065439672
0 0.73876953125 0.22903885480572597 0.0107421875 0.08997955010224949
0 0.7568359375 0.2658486707566462 0.005859375 0.10224948875255624
0 0.814453125 0.36298568507157464 0.033203125 0.17791411042944785
0 0.90087890625 0.4918200408997955 0.0595703125 0.1656441717791411
0 0.89501953125 0.3803680981595092 0.0458984375 0.11860940695296524