1 0.30859375 0.5213235294117647 0.615234375 0.9573529411764706
3 0.2080078125 0.7595588235294117 0.296875 0.4808823529411765
3 0.58154296875 0.5772058823529411 0.1572265625 0.15441176470588236
3 0.705078125 0.6536764705882353 0.1171875 0.08970588235294118
3 0.72900390625 0.5389705882352941 0.0224609375 0.060294117647058824
1 0.5830078125 0.48970588235294116 0.1328125 0.22647058823529412
1 0.6806640625 0.65 0.15234375 0.5647058823529412
1 0.73046875 0.4764705882352941 0.099609375 0.21470588235294116
1 0.76318359375 0.4426470588235294 0.0537109375 0.12352941176470589
1 0.81787109375 0.4573529411764706 0.0693359375 0.12352941176470589
1 0.90380859375 0.45588235294117646 0.0458984375 0.09705882352941177
1 0.8349609375 0.8191176470588235 0.279296875 0.36176470588235293