3 0.17822265625 0.44419970631424377 0.1767578125 0.10425844346549193
1 0.8955078125 0.5146842878120411 0.072265625 0.3803230543318649
3 0.33349609375 0.39280469897209985 0.0751953125 0.022026431718061675
1 0.31201171875 0.3737151248164464 0.0302734375 0.042584434654919234
1 0.28271484375 0.5293685756240822 0.0556640625 0.37738619676945667
1 0.24365234375 0.3604992657856094 0.0302734375 0.06020558002936858
1 0.1689453125 0.540381791483113 0.037109375 0.33480176211453744
3 0.15185546875 0.37591776798825255 0.0244140625 0.014684287812041116
1 0.2109375 0.5580029368575624 0.09765625 0.44933920704845814
1 0.4501953125 0.5602055800293686 0.12109375 0.7151248164464024
1 0.41748046875 0.5741556534508077 0.3427734375 0.8458149779735683
1 0.431640625 0.5374449339207048 0.5859375 0.8340675477239354
1 0.5283203125 0.539647577092511 0.7109375 0.7650513950073421