1 0.57666015625 0.6348920863309353 0.052734375 0.08992805755395683
1 0.6220703125 0.716726618705036 0.0537109375 0.22661870503597123
1 0.7763671875 0.7410071942446043 0.0322265625 0.2607913669064748
1 0.79736328125 0.6034172661870504 0.041015625 0.0539568345323741
1 0.8271484375 0.6169064748201439 0.0380859375 0.0539568345323741
1 0.830078125 0.7751798561151079 0.0390625 0.26258992805755393
1 0.841796875 0.6699640287769785 0.0322265625 0.11870503597122302
1 0.8798828125 0.710431654676259 0.044921875 0.22661870503597123
1 0.89111328125 0.6465827338129496 0.0234375 0.11330935251798561
1 0.91650390625 0.6951438848920863 0.03515625 0.22841726618705036
3 0.5771484375 0.6276978417266187 0.0654296875 0.07913669064748201