3 0.9283854166666666 0.5 0.140625 0.998046875
3 0.7923177083333334 0.4990234375 0.17578125 0.99609375
3 0.6588541666666666 0.50048828125 0.18489583333333334 0.9990234375
3 0.5481770833333334 0.50048828125 0.18229166666666666 0.9990234375
3 0.4615885416666667 0.50048828125 0.19401041666666666 0.9990234375
3 0.22526041666666666 0.501953125 0.15625 0.99609375
3 0.3567708333333333 0.501953125 0.20572916666666666 0.990234375
3 0.16145833333333334 0.50439453125 0.15885416666666666 0.9912109375
3 0.09700520833333333 0.50048828125 0.13151041666666666 0.9365234375
3 0.055338541666666664 0.50048828125 0.10807291666666667 0.8818359375
3 0.032552083333333336 0.314453125 0.0625 0.46484375