0 0.14208984375 0.21838235294117647 0.279296875 0.13970588235294118
0 0.13330078125 0.10294117647058823 0.2666015625 0.11323529411764706
0 0.15087890625 0.5088235294117647 0.3017578125 0.11911764705882352
0 0.15380859375 0.6514705882352941 0.3076171875 0.10882352941176471
0 0.154296875 0.8022058823529412 0.30859375 0.11911764705882352
0 0.13330078125 0.37573529411764706 0.263671875 0.08970588235294118
0 0.51806640625 0.861764705882353 0.326171875 0.12352941176470589
0 0.57373046875 0.022058823529411766 0.3486328125 0.04411764705882353
0 0.5673828125 0.5316176470588235 0.3310546875 0.1264705882352941
0 0.568359375 0.36323529411764705 0.3212890625 0.125
0 0.5771484375 0.17573529411764705 0.3271484375 0.10882352941176471
0 0.8720703125 0.17426470588235293 0.2548828125 0.13676470588235295
0 0.88720703125 0.31029411764705883 0.224609375 0.08529411764705883
0 0.8876953125 0.4389705882352941 0.22265625 0.09558823529411764
0 0.91162109375 0.5647058823529412 0.17578125 0.06911764705882353
0 0.912109375 0.7044117647058824 0.1748046875 0.11323529411764706