3 0.44921875 0.3444700460829493 0.2421875 0.6866359447004609
3 0.59423828125 0.5581797235023042 0.3466796875 0.15552995391705068
3 0.73876953125 0.8404377880184332 0.3330078125 0.0956221198156682
1 0.91162109375 0.34274193548387094 0.0986328125 0.3490783410138249
1 0.8076171875 0.32776497695852536 0.1171875 0.32373271889400923
1 0.70263671875 0.3565668202764977 0.1240234375 0.30069124423963134
1 0.57470703125 0.36578341013824883 0.1142578125 0.3029953917050691
1 0.5302734375 0.23444700460829493 0.03125 0.08179723502304148
1 0.50927734375 0.5645161290322581 0.2001953125 0.7649769585253456
1 0.34814453125 0.6307603686635944 0.3251953125 0.7338709677419355
1 0.2900390625 0.5639400921658986 0.177734375 0.6463133640552995
1 0.1455078125 0.5547235023041475 0.16015625 0.6002304147465438
1 0.05908203125 0.49481566820276496 0.1103515625 0.5817972350230415