1 0.77197265625 0.6746688741721855 0.3115234375 0.6109271523178808
1 0.1279296875 0.6970198675496688 0.25390625 0.6026490066225165
1 0.2001953125 0.3741721854304636 0.0703125 0.13245033112582782
1 0.2578125 0.5132450331125827 0.080078125 0.304635761589404
1 0.263671875 0.7144039735099338 0.080078125 0.5678807947019867
1 0.36376953125 0.4925496688741722 0.0849609375 0.2897350993377483
1 0.49365234375 0.5082781456953642 0.0595703125 0.26158940397350994
1 0.5263671875 0.5289735099337748 0.099609375 0.28311258278145696
1 0.57958984375 0.5380794701986755 0.0595703125 0.23841059602649006
1 0.64208984375 0.5082781456953642 0.0888671875 0.3211920529801324
1 0.9248046875 0.7599337748344371 0.1484375 0.4768211920529801
1 0.9658203125 0.46605960264900664 0.06640625 0.15728476821192053
3 0.525390625 0.5778145695364238 0.0625 0.1291390728476821