3 0.13682432432432431 0.43994140625 0.21734234234234234 0.10546875
3 0.13006756756756757 0.25830078125 0.18243243243243243 0.10546875
3 0.17905405405405406 0.10009765625 0.15315315315315314 0.09375
3 0.19200450450450451 0.61767578125 0.17117117117117117 0.083984375
3 0.32545045045045046 0.26953125 0.18355855855855857 0.0966796875
3 0.3108108108108108 0.4462890625 0.1463963963963964 0.0927734375
3 0.40484234234234234 0.60693359375 0.19594594594594594 0.11328125
3 0.3947072072072072 0.09765625 0.17342342342342343 0.1025390625
3 0.5039414414414415 0.43896484375 0.17905405405405406 0.095703125
3 0.5061936936936937 0.2744140625 0.15090090090090091 0.091796875
3 0.6120495495495496 0.6123046875 0.17342342342342343 0.109375
3 0.6081081081081081 0.1025390625 0.14414414414414414 0.0888671875
3 0.6993243243243243 0.26611328125 0.21509009009009009 0.1015625
3 0.6942567567567568 0.44921875 0.1373873873873874 0.0888671875
3 0.8029279279279279 0.10009765625 0.19707207207207209 0.0986328125
3 0.8113738738738738 0.61328125 0.16103603603603603 0.1025390625
3 0.893581081081081 0.43798828125 0.18355855855855857 0.1083984375
3 0.901463963963964 0.26953125 0.1677927927927928 0.0947265625