3 0.09375 0.554014598540146 0.03515625 0.3605839416058394
3 0.25537109375 0.5963503649635037 0.0439453125 0.28175182481751826
3 0.4345703125 0.5467153284671533 0.052734375 0.4043795620437956
3 0.62548828125 0.44452554744525546 0.0556640625 0.3635036496350365
3 0.67529296875 0.7321167883211679 0.0634765625 0.44525547445255476
1 0.04345703125 0.4846715328467153 0.0849609375 0.6773722627737226
1 0.20361328125 0.49343065693430654 0.1591796875 0.7094890510948905
1 0.1591796875 0.5547445255474452 0.1484375 0.7474452554744525
1 0.4052734375 0.23941605839416058 0.05078125 0.09635036496350365
1 0.4501953125 0.2364963503649635 0.0859375 0.20145985401459854
1 0.341796875 0.5635036496350365 0.1328125 0.8145985401459854
1 0.50439453125 0.5335766423357664 0.1435546875 0.7284671532846715
1 0.4951171875 0.6007299270072993 0.10546875 0.7985401459854015
1 0.67041015625 0.5204379562043796 0.0966796875 0.7897810218978102
1 0.69189453125 0.35766423357664234 0.0830078125 0.32408759124087594
1 0.74853515625 0.5963503649635037 0.1396484375 0.8072992700729927
1 0.87890625 0.551094890510949 0.236328125 0.8890510948905109
3 0.7890625 0.8233576642335766 0.04296875 0.32116788321167883