1 0.43798828125 0.5095168374816984 0.2431640625 0.4685212298682284
1 0.7353515625 0.554904831625183 0.162109375 0.6032210834553441
3 0.31298828125 0.36749633967789164 0.0361328125 0.04978038067349927
3 0.5625 0.3726207906295754 0.060546875 0.060029282576866766
0 0.7451171875 0.32284040995607616 0.244140625 0.23572474377745242
1 0.67333984375 0.3140556368960469 0.0224609375 0.09809663250366032
1 0.5673828125 0.32650073206442165 0.013671875 0.06149341142020498
1 0.58642578125 0.32430453879941434 0.0205078125 0.06588579795021962
1 0.59814453125 0.30453879941434847 0.0107421875 0.029282576866764276
1 0.6015625 0.3301610541727672 0.013671875 0.05417276720351391
1 0.6103515625 0.30161054172767204 0.01171875 0.02342606149341142
1 0.6171875 0.32723279648609077 0.015625 0.05417276720351391
1 0.65478515625 0.3279648609077599 0.0166015625 0.07320644216691069
1 0.64013671875 0.32430453879941434 0.0107421875 0.0746705710102489
1 0.6328125 0.3294289897510981 0.017578125 0.08199121522693997