3 0.15315315315315314 0.50244140625 0.24624624624624625 0.1650390625
3 0.541041041041041 0.56201171875 0.4114114114114114 0.1318359375
3 0.6101101101101101 0.4150390625 0.1871871871871872 0.126953125
3 0.8333333333333334 0.66357421875 0.1831831831831832 0.1201171875
3 0.8458458458458459 0.5205078125 0.12212212212212212 0.205078125
3 0.8773773773773774 0.5703125 0.055055055055055056 0.068359375
1 0.482982982982983 0.6552734375 0.7217217217217218 0.212890625
1 0.14514514514514515 0.47900390625 0.2122122122122122 0.2998046875
1 0.35535535535535534 0.41943359375 0.16816816816816818 0.3154296875
1 0.35685685685685686 0.48876953125 0.16116116116116116 0.2490234375
1 0.44144144144144143 0.4736328125 0.2722722722722723 0.2421875
1 0.6441441441441441 0.39990234375 0.18518518518518517 0.3037109375
1 0.7347347347347347 0.5146484375 0.2062062062062062 0.189453125