1 0.17041015625 0.3184480234260615 0.0517578125 0.20644216691068815
1 0.22900390625 0.30600292825768666 0.0634765625 0.24597364568081992
1 0.24853515625 0.22986822840409957 0.0263671875 0.07613469985358712
1 0.28955078125 0.2979502196193265 0.0576171875 0.24743777452415813
1 0.3603515625 0.3184480234260615 0.048828125 0.2005856515373353
1 0.4228515625 0.3506588579795022 0.111328125 0.3762811127379209
1 0.55078125 0.48975109809663253 0.16796875 0.3235724743777452
1 0.5966796875 0.2445095168374817 0.078125 0.19619326500732065
1 0.71240234375 0.6398243045387995 0.2978515625 0.7174231332357247
1 0.65087890625 0.2540263543191801 0.0400390625 0.10395314787701318
1 0.7353515625 0.3184480234260615 0.06640625 0.212298682284041
1 0.83837890625 0.4582723279648609 0.1181640625 0.49194729136163984
1 0.93212890625 0.513177159590044 0.1337890625 0.7920937042459737
3 0.37158203125 0.5234260614934114 0.4013671875 0.5314787701317716
1 0.08056640625 0.40483162518301613 0.0732421875 0.15666178623718888
1 0.5244140625 0.22108345534407028 0.0703125 0.07906295754026355