3 0.4440104166666667 0.32568359375 0.7526041666666666 0.1943359375
3 0.2936197916666667 0.5400390625 0.3138020833333333 0.17578125
3 0.29296875 0.74560546875 0.2942708333333333 0.1416015625
3 0.4641927083333333 0.93310546875 0.15755208333333334 0.0966796875
3 0.6223958333333334 0.7490234375 0.2760416666666667 0.1484375
3 0.603515625 0.541015625 0.23307291666666666 0.126953125
1 0.07161458333333333 0.7998046875 0.13802083333333334 0.400390625
1 0.034505208333333336 0.6845703125 0.06640625 0.212890625
1 0.064453125 0.59326171875 0.08984375 0.1240234375
1 0.9186197916666666 0.79541015625 0.16276041666666666 0.4091796875
1 0.9466145833333334 0.56689453125 0.10677083333333333 0.1103515625
1 0.8717447916666666 0.56298828125 0.048177083333333336 0.0771484375