1 0.318359375 0.5014705882352941 0.427734375 0.9941176470588236
1 0.236328125 0.49264705882352944 0.19921875 0.5970588235294118
1 0.64599609375 0.3154411764705882 0.1181640625 0.4455882352941177
1 0.7900390625 0.7169117647058824 0.2890625 0.2926470588235294
1 0.78759765625 0.35441176470588237 0.1142578125 0.5058823529411764
1 0.82470703125 0.2301470588235294 0.0341796875 0.11029411764705882
1 0.8564453125 0.23602941176470588 0.044921875 0.18382352941176472
1 0.8671875 0.25073529411764706 0.0546875 0.18676470588235294
1 0.89404296875 0.19191176470588237 0.0498046875 0.10441176470588236
1 0.927734375 0.27058823529411763 0.09375 0.3088235294117647
1 0.9716796875 0.3154411764705882 0.0546875 0.3397058823529412
3 0.80615234375 0.32426470588235295 0.0634765625 0.21323529411764705
3 0.88037109375 0.2933823529411765 0.0126953125 0.09264705882352942
3 0.89404296875 0.2772058823529412 0.0126953125 0.15441176470588236