3 0.02783203125 0.17804428044280443 0.0126953125 0.05719557195571956
3 0.02978515625 0.17988929889298894 0.0166015625 0.06457564575645756
3 0.21630859375 0.46863468634686345 0.1474609375 0.5867158671586716
3 0.23681640625 0.45295202952029523 0.0908203125 0.7693726937269373
3 0.2998046875 0.4455719557195572 0.126953125 0.7509225092250923
3 0.29736328125 0.3837638376383764 0.0556640625 0.6494464944649446
3 0.45556640625 0.4492619926199262 0.1669921875 0.7656826568265682
3 0.53466796875 0.44649446494464945 0.1669921875 0.8081180811808119
3 0.48095703125 0.46494464944649444 0.0380859375 0.8265682656826568
3 0.50830078125 0.5009225092250923 0.0341796875 0.5
3 0.52685546875 0.5378228782287823 0.0537109375 0.6918819188191881
3 0.74462890625 0.46309963099630996 0.2236328125 0.7712177121771218
3 0.86474609375 0.4944649446494465 0.2373046875 0.8413284132841329
3 0.78173828125 0.41789667896678967 0.0517578125 0.7177121771217713
3 0.85546875 0.522140221402214 0.119140625 0.8487084870848709
1 0.1083984375 0.20756457564575645 0.203125 0.14575645756457564