1 0.290625 0.89609375 0.09375 0.2078125
1 0.37864583333333335 0.934375 0.11770833333333333 0.13125
1 0.2552083333333333 0.29921875 0.030208333333333334 0.1421875
1 0.46197916666666666 0.30234375 0.036458333333333336 0.121875
1 0.48802083333333335 0.28515625 0.029166666666666667 0.109375
1 0.5182291666666666 0.27109375 0.041666666666666664 0.1046875
1 0.534375 0.24921875 0.020833333333333332 0.1171875
1 0.5791666666666667 0.25234375 0.026041666666666668 0.109375
1 0.6036458333333333 0.25078125 0.030208333333333334 0.1078125
1 0.6416666666666667 0.26171875 0.03125 0.0953125
1 0.6838541666666667 0.26015625 0.035416666666666666 0.09375
1 0.7104166666666667 0.253125 0.023958333333333335 0.075
1 0.7276041666666667 0.25078125 0.022916666666666665 0.0796875
1 0.746875 0.253125 0.01875 0.078125
1 0.7682291666666666 0.24765625 0.026041666666666668 0.08125
1 0.7885416666666667 0.246875 0.022916666666666665 0.065625
1 0.8197916666666667 0.2453125 0.019791666666666666 0.0578125
1 0.8411458333333334 0.228125 0.010416666666666666 0.0609375
1 0.8338541666666667 0.240625 0.017708333333333333 0.0625