1 0.14453125 0.33821376281112736 0.078125 0.30453879941434847
1 0.029296875 0.4253294289897511 0.05078125 0.2005856515373353
1 0.0869140625 0.4238653001464129 0.041015625 0.18301610541727673
1 0.22705078125 0.42093704245973645 0.1142578125 0.22693997071742314
1 0.248046875 0.49633967789165445 0.0703125 0.06442166910688141
1 0.25244140625 0.31991215226939973 0.0654296875 0.23572474377745242
1 0.291015625 0.3484626647144949 0.0859375 0.28111273792093705
1 0.34619140625 0.5336749633967789 0.1259765625 0.11566617862371889
1 0.3525390625 0.4978038067349927 0.11328125 0.09370424597364568
1 0.37158203125 0.31771595900439237 0.1376953125 0.445095168374817
1 0.490234375 0.6156661786237189 0.21875 0.2796486090775988
1 0.4599609375 0.3411420204978038 0.05859375 0.3601756954612006
1 0.69677734375 0.4267935578330893 0.3388671875 0.5168374816983895
1 0.62939453125 0.6215226939970717 0.1416015625 0.2796486090775988
1 0.59619140625 0.2686676427525622 0.0693359375 0.17130307467057102
1 0.701171875 0.18301610541727673 0.193359375 0.3367496339677892
1 0.81396484375 0.657393850658858 0.3701171875 0.3513909224011713
1 0.9521484375 0.3784773060029283 0.09375 0.5607613469985359
3 0.37646484375 0.62298682284041 0.6689453125 0.28257686676427524
3 0.33154296875 0.17789165446559296 0.1787109375 0.08638360175695461
3 0.5478515625 0.36383601756954614 0.22265625 0.15666178623718888
3 0.9267578125 0.33455344070278187 0.08984375 0.2767203513909224