1 0.6953125 0.5724743777452416 0.353515625 0.8521229868228404
1 0.20556640625 0.5922401171303074 0.0244140625 0.09809663250366032
1 0.396484375 0.5658857979502196 0.01953125 0.09809663250366032
3 0.65966796875 0.48535871156661786 0.0556640625 0.0746705710102489
3 0.833984375 0.20644216691068815 0.068359375 0.2957540263543192
1 0.2197265625 0.5717423133235725 0.015625 0.08052708638360176
1 0.24267578125 0.5790629575402635 0.0185546875 0.07759882869692533
1 0.25390625 0.5636896046852123 0.01171875 0.07320644216691069
1 0.28173828125 0.5300146412884333 0.0087890625 0.03513909224011713
1 0.26904296875 0.5812591508052709 0.0244140625 0.043923865300146414
1 0.2900390625 0.5673499267935578 0.017578125 0.07759882869692533
3 0.390625 0.5527086383601757 0.005859375 0.024890190336749635