3 0.4344059405940594 0.8076171875 0.15346534653465346 0.119140625
1 0.7196782178217822 0.40625 0.3131188118811881 0.041015625
1 0.9152227722772277 0.48291015625 0.12004950495049505 0.1884765625
1 0.8292079207920792 0.484375 0.05198019801980198 0.185546875
1 0.7103960396039604 0.48046875 0.07673267326732673 0.19921875
1 0.635519801980198 0.81396484375 0.15222772277227722 0.3017578125
1 0.807549504950495 0.81494140625 0.14232673267326731 0.2958984375
1 0.8681930693069307 0.80712890625 0.07301980198019802 0.2392578125
1 0.849009900990099 0.677734375 0.12376237623762376 0.109375
1 0.40532178217821785 0.83740234375 0.12252475247524752 0.2490234375
1 0.37623762376237624 0.55810546875 0.1608910891089109 0.1943359375
1 0.2073019801980198 0.5556640625 0.16955445544554457 0.205078125