1 0.478515625 0.22840409956076135 0.1142578125 0.2840409956076135
1 0.0908203125 0.7335285505124451 0.181640625 0.3601756954612006
1 0.095703125 0.43704245973645683 0.1025390625 0.2869692532942899
1 0.400390625 0.6939970717423133 0.173828125 0.5344070278184481
1 0.3916015625 0.27232796486090777 0.08984375 0.09077598828696926
1 0.50048828125 0.6083455344070278 0.15625 0.5021961932650073
1 0.56787109375 0.5878477306002928 0.2216796875 0.5241581259150805
1 0.64453125 0.27232796486090777 0.119140625 0.30600292825768666
1 0.716796875 0.41654465592972184 0.09765625 0.37920937042459735
1 0.78271484375 0.5614934114202049 0.1484375 0.5007320644216691
1 0.802734375 0.4055636896046852 0.08203125 0.08931185944363104
1 0.900390625 0.5834553440702782 0.0947265625 0.2752562225475842
3 0.56005859375 0.5065885797950219 0.150390625 0.21961932650073207