3 0.33251953125 0.8496350364963504 0.3603515625 0.18394160583941604
3 0.404296875 0.5430656934306569 0.08984375 0.41751824817518246
1 0.0947265625 0.6970802919708029 0.1875 0.4131386861313869
1 0.24755859375 0.5343065693430656 0.1435546875 0.26277372262773724
1 0.20556640625 0.3583941605839416 0.1416015625 0.36642335766423356
1 0.35791015625 0.5554744525547445 0.2060546875 0.3781021897810219
1 0.50439453125 0.4751824817518248 0.0947265625 0.19416058394160585
1 0.609375 0.19708029197080293 0.12109375 0.3854014598540146
1 0.5986328125 0.5948905109489051 0.224609375 0.6788321167883211
1 0.74365234375 0.27007299270072993 0.0888671875 0.4321167883211679
1 0.74072265625 0.5474452554744526 0.5185546875 0.8963503649635036