1 0.63671875 0.6555989583333334 0.2646484375 0.5442708333333334
1 0.0419921875 0.3430989583333333 0.083984375 0.17578125
1 0.0703125 0.4381510416666667 0.140625 0.1015625
1 0.11328125 0.4778645833333333 0.2265625 0.11197916666666667
1 0.18359375 0.52734375 0.3671875 0.19270833333333334
1 0.14794921875 0.390625 0.1396484375 0.23828125
1 0.3212890625 0.6627604166666666 0.4111328125 0.2864583333333333
3 0.056640625 0.2936197916666667 0.09765625 0.036458333333333336
3 0.17919921875 0.3391927083333333 0.12109375 0.06510416666666667
3 0.21826171875 0.427734375 0.0634765625 0.04296875
3 0.330078125 0.5006510416666666 0.134765625 0.06380208333333333
3 0.67138671875 0.841796875 0.056640625 0.09244791666666667
3 0.791015625 0.4993489583333333 0.14453125 0.19010416666666666