1 0.11962890625 0.5337738619676946 0.1318359375 0.29515418502202645
1 0.01416015625 0.41409691629955947 0.0283203125 0.11160058737151249
1 0.31494140625 0.4977973568281938 0.1484375 0.27165932452276065
1 0.45458984375 0.4897209985315712 0.123046875 0.2511013215859031
1 0.57666015625 0.4750367107195301 0.1064453125 0.24082232011747431
1 0.68017578125 0.47430249632892807 0.08984375 0.2055800293685756
3 0.05078125 0.4845814977973568 0.1015625 0.11600587371512482
3 0.18701171875 0.47944199706314244 0.10546875 0.05286343612334802
3 0.38037109375 0.4544787077826725 0.083984375 0.11013215859030837
3 0.5048828125 0.4243759177679883 0.09375 0.05433186490455213
3 0.619140625 0.4588839941262849 0.087890625 0.0881057268722467
3 0.71142578125 0.4486049926578561 0.0859375 0.07195301027900147