3 0.1493411420204978 0.25439453125 0.212298682284041 0.09375
3 0.1493411420204978 0.58740234375 0.212298682284041 0.107421875
3 0.15080527086383602 0.416015625 0.21522693997071743 0.09765625
3 0.1603221083455344 0.90478515625 0.2020497803806735 0.1015625
3 0.16105417276720352 0.0888671875 0.19472913616398244 0.095703125
3 0.16105417276720352 0.7470703125 0.18887262079062958 0.0927734375
3 0.7898975109809663 0.09765625 0.2869692532942899 0.11328125
3 0.7913616398243045 0.4267578125 0.2840409956076135 0.1181640625
3 0.7928257686676428 0.2578125 0.2869692532942899 0.1142578125
3 0.7928257686676428 0.59423828125 0.2869692532942899 0.12109375
3 0.801610541727672 0.9169921875 0.30453879941434847 0.1181640625
3 0.8074670571010248 0.75732421875 0.3074670571010249 0.119140625