1 0.080078125 0.6537335285505125 0.16015625 0.404099560761347
1 0.1845703125 0.623718887262079 0.19140625 0.4670571010248902
1 0.32470703125 0.6603221083455344 0.1796875 0.39092240117130306
1 0.37353515625 0.6325036603221084 0.048828125 0.42313323572474376
1 0.50390625 0.6412884333821376 0.181640625 0.46412884333821375
1 0.45166015625 0.62298682284041 0.041015625 0.42752562225475843
1 0.60986328125 0.6222547584187409 0.1015625 0.45534407027818447
1 0.68359375 0.6515373352855052 0.1748046875 0.49633967789165445
1 0.75146484375 0.6654465592972182 0.1689453125 0.5241581259150805
1 0.8271484375 0.6896046852122987 0.1669921875 0.5885797950219619
1 0.9091796875 0.6339677891654466 0.12109375 0.49487554904831627
1 0.94775390625 0.6874084919472914 0.103515625 0.6017569546120058
1 0.9345703125 0.6090775988286969 0.0693359375 0.5402635431918009
3 0.14111328125 0.568814055636896 0.193359375 0.055636896046852125
3 0.3046875 0.5834553440702782 0.220703125 0.01903367496339678
3 0.29736328125 0.3814055636896047 0.162109375 0.20790629575402636
3 0.52294921875 0.5161054172767203 0.1728515625 0.10834553440702782
3 0.55078125 0.3967789165446559 0.083984375 0.527086383601757
3 0.60400390625 0.5087847730600292 0.1884765625 0.06149341142020498
3 0.58642578125 0.4224011713030747 0.06640625 0.19765739385065886
3 0.80322265625 0.5644216691068814 0.224609375 0.03806734992679356
3 0.89208984375 0.5095168374816984 0.21484375 0.04538799414348463