0 0.1240234375 0.2910662824207493 0.181640625 0.11527377521613832
0 0.125 0.6909221902017291 0.17578125 0.10518731988472622
0 0.123046875 0.850864553314121 0.140625 0.15994236311239193
0 0.13232421875 0.11311239193083573 0.1396484375 0.17146974063400577
0 0.19580078125 0.4027377521613833 0.1923828125 0.08789625360230548
0 0.2041015625 0.5806916426512968 0.185546875 0.09510086455331412
0 0.22509765625 0.6995677233429395 0.1748046875 0.15417867435158503
0 0.23388671875 0.29755043227665706 0.1748046875 0.1484149855907781
0 0.3193359375 0.5043227665706052 0.244140625 0.07204610951008646
0 0.32177734375 0.5806916426512968 0.2138671875 0.1037463976945245
0 0.30908203125 0.4034582132564842 0.1806640625 0.13256484149855907
0 0.29248046875 0.770893371757925 0.1357421875 0.2017291066282421
0 0.3232421875 0.22622478386167147 0.16796875 0.1988472622478386
0 0.3359375 0.6440922190201729 0.1796875 0.1873198847262248
0 0.35009765625 0.3407780979827089 0.1884765625 0.19740634005763688
0 0.34619140625 0.3335734870317003 0.1669921875 0.20028818443804033
0 0.39208984375 0.2744956772334294 0.1533203125 0.2780979827089337
0 0.3740234375 0.8155619596541787 0.09375 0.21902017291066284
0 0.38134765625 0.7240634005763689 0.1005859375 0.20893371757925072
0 0.38427734375 0.1707492795389049 0.0966796875 0.21757925072046108
0 0.43310546875 0.7802593659942363 0.0732421875 0.27521613832853026
0 0.443359375 0.23126801152737753 0.076171875 0.3270893371757925
0 0.451171875 0.8342939481268011 0.0546875 0.2564841498559078
0 0.45947265625 0.14337175792507204 0.0615234375 0.23198847262247838
0 0.4921875 0.7939481268011528 0.048828125 0.28530259365994237
0 0.50244140625 0.22046109510086456 0.0478515625 0.34293948126801155
0 0.537109375 0.8350144092219021 0.068359375 0.25504322766570603
0 0.548828125 0.14985590778097982 0.052734375 0.2478386167146974
0 0.56005859375 0.23198847262247838 0.0654296875 0.3400576368876081
0 0.60693359375 0.28170028818443804 0.1513671875 0.2665706051873199
0 0.56396484375 0.7881844380403458 0.0537109375 0.2737752161383285
0 0.6669921875 0.41354466858789624 0.23046875 0.10662824207492795
0 0.62109375 0.7319884726224783 0.1328125 0.2420749279538905
0 0.6484375 0.35014409221902015 0.177734375 0.1988472622478386
0 0.67578125 0.5828530259365994 0.228515625 0.11959654178674352
0 0.68017578125 0.5 0.2275390625 0.06628242074927954
0 0.658203125 0.6520172910662824 0.1796875 0.17723342939481268
0 0.6103515625 0.8061959654178674 0.080078125 0.22622478386167147
0 0.61865234375 0.17219020172910662 0.0869140625 0.22910662824207492
0 0.6953125 0.7752161383285303 0.1328125 0.1930835734870317
0 0.70166015625 0.21109510086455333 0.1435546875 0.18876080691642652
0 0.76708984375 0.6938040345821326 0.1826171875 0.14553314121037464
0 0.791015625 0.2824207492795389 0.193359375 0.1239193083573487
0 0.818359375 0.590057636887608 0.21484375 0.09654178674351585
0 0.853515625 0.414985590778098 0.25 0.07492795389048991
0 0.869140625 0.8703170028818443 0.17578125 0.1786743515850144
0 0.87158203125 0.12247838616714697 0.1708984375 0.16138328530259366
0 0.88818359375 0.3004322766570605 0.1728515625 0.10806916426512968
0 0.890625 0.7002881844380403 0.1640625 0.10662824207492795
0 0.94189453125 0.6757925072046109 0.1064453125 0.025936599423631124