1 0.3564453125 0.6038961038961039 0.138671875 0.6586270871985158
1 0.0966796875 0.2894248608534323 0.080078125 0.2300556586270872
1 0.24755859375 0.3042671614100185 0.0927734375 0.17439703153988867
1 0.62255859375 0.735621521335807 0.2822265625 0.20964749536178107
1 0.93408203125 0.8163265306122449 0.1298828125 0.13358070500927643
1 0.92333984375 0.30241187384044527 0.0888671875 0.20037105751391465
3 0.4423828125 0.4294990723562152 0.205078125 0.19480519480519481
3 0.71875 0.7578849721706865 0.091796875 0.150278293135436
3 0.94384765625 0.24211502782931354 0.0556640625 0.04267161410018553
3 0.27734375 0.2634508348794063 0.072265625 0.03339517625231911
3 0.11328125 0.287569573283859 0.05078125 0.1038961038961039