3 0.61962890625 0.6537335285505125 0.1708984375 0.08931185944363104
1 0.07177734375 0.5651537335285505 0.1416015625 0.8696925329428989
1 0.19482421875 0.6383601756954612 0.1689453125 0.7232796486090776
1 0.27001953125 0.33455344070278187 0.0400390625 0.17423133235724744
1 0.3369140625 0.5527086383601757 0.138671875 0.7071742313323572
1 0.4638671875 0.43045387994143486 0.126953125 0.4216691068814056
1 0.671875 0.38945827232796487 0.046875 0.2664714494875549
1 0.2333984375 0.3213762811127379 0.037109375 0.15080527086383602
1 0.7255859375 0.38653001464128844 0.056640625 0.24597364568081992
1 0.833984375 0.5556368960468521 0.208984375 0.8887262079062958
3 0.59326171875 0.6881405563689604 0.1513671875 0.1171303074670571
3 0.52880859375 0.6830161054172768 0.2216796875 0.10102489019033675