0 0.505859375 0.8391927083333334 0.498046875 0.3190104166666667
0 0.52685546875 0.5397135416666666 0.2373046875 0.10286458333333333
0 0.5703125 0.365234375 0.208984375 0.07161458333333333
0 0.5859375 0.4446614583333333 0.232421875 0.10807291666666667
0 0.5986328125 0.4329427083333333 0.22265625 0.14713541666666666
0 0.7490234375 0.419921875 0.119140625 0.04296875
0 0.77392578125 0.5592447916666666 0.1337890625 0.06380208333333333
0 0.791015625 0.4309895833333333 0.08203125 0.03125
0 0.8525390625 0.447265625 0.076171875 0.05078125
0 0.88037109375 0.6119791666666666 0.1259765625 0.11458333333333333
0 0.39794921875 0.6959635416666666 0.4365234375 0.17578125
0 0.74267578125 0.3502604166666667 0.0869140625 0.0546875
0 0.90625 0.52734375 0.099609375 0.07291666666666667
0 0.5068359375 0.09309895833333333 0.0234375 0.18098958333333334
0 0.48828125 0.091796875 0.0234375 0.17838541666666666
0 0.42724609375 0.06380208333333333 0.0185546875 0.125