1 0.10205078125 0.5376196990424077 0.0771484375 0.35020519835841313
1 0.57275390625 0.4856361149110807 0.0380859375 0.08755129958960328
1 0.76171875 0.5492476060191519 0.15625 0.4582763337893297
1 0.92822265625 0.6238030095759234 0.1416015625 0.6101231190150479
3 0.68359375 0.4418604651162791 0.08984375 0.09849521203830369
3 0.86279296875 0.40287277701778385 0.1884765625 0.08344733242134063
3 0.39404296875 0.4432284541723666 0.1240234375 0.04377564979480164
3 0.33154296875 0.4473324213406293 0.0576171875 0.024623803009575923
3 0.294921875 0.4384404924760602 0.0703125 0.023255813953488372
3 0.24609375 0.4274965800273598 0.080078125 0.023255813953488372
3 0.20751953125 0.45143638850889195 0.0556640625 0.013679890560875513
1 0.23828125 0.5 0.07421875 0.22845417236662108
1 0.2685546875 0.5205198358413132 0.072265625 0.21751025991792067
1 0.31591796875 0.5198358413132695 0.0830078125 0.265389876880985
1 0.37109375 0.5383036935704515 0.0859375 0.2777017783857729
1 0.42724609375 0.5389876880984952 0.1103515625 0.33105335157318744
1 0.4931640625 0.5704514363885089 0.158203125 0.3912448700410397