2 0.51015625 0.7234375 0.54375 0.553125
1 0.8604843750000001 0.874484375 0.24310937500000002 0.246484375
1 0.7577812500000001 0.071671875 0.06887499999999999 0.14334375
1 0.65821875 0.169765625 0.085328125 0.31925
1 0.569421875 0.251359375 0.102421875 0.44996875000000003
1 0.5120312499999999 0.182765625 0.05234375 0.34903125
1 0.46271874999999996 0.365140625 0.04471875 0.23126562499999997
1 0.46042187500000004 0.177015625 0.035578125 0.211578125
1 0.41815625 0.26953125 0.09009375 0.414875
1 0.298921875 0.338203125 0.0965 0.44428124999999996
1 0.33985937499999996 0.1996875 0.034421875000000005 0.181484375
1 0.3695625 0.40285937499999996 0.043546875 0.21982812499999999
1 0.22931249999999997 0.54959375 0.09215625 0.5135156249999999
1 0.22915625 0.321796875 0.10159375 0.23575
1 0.22581250000000003 0.19678125 0.05015625 0.11321874999999999
1 0.181828125 0.41996874999999995 0.066546875 0.45221875
1 0.1313125 0.376375 0.058328124999999995 0.34715625