2 0.540625 0.44140625 0.175 0.6921875
1 0.072328125 0.65153125 0.11885937499999999 0.67559375
1 0.026687499999999996 0.58390625 0.053359375 0.156796875
1 0.194015625 0.6709375 0.17609375 0.658109375
1 0.31509375 0.5838125 0.12278125 0.677375
1 0.2206875 0.0840625 0.048875 0.168140625
1 0.24853125 0.08495312499999999 0.038921875 0.140578125
1 0.09109375 0.125453125 0.06492187499999999 0.1584375
1 0.23328125000000002 0.30740625 0.11353125 0.3638125
1 0.41034375 0.6595156249999999 0.143953125 0.680984375
1 0.6299375 0.323546875 0.07996875 0.48757812500000003
1 0.734 0.395046875 0.11570312499999999 0.59540625
1 0.914125 0.46495312499999997 0.100859375 0.54090625
1 0.9626875 0.47862499999999997 0.074640625 0.460375
1 0.9348593749999999 0.7405625 0.13028125 0.51396875