2 0.36796875 0.32734375 0.1359375 0.3296875
1 0.8135 0.12575 0.025406250000000002 0.156859375
1 0.8331250000000001 0.143015625 0.029421874999999997 0.10007812499999999
1 0.6923125 0.12184375 0.04384375 0.16465625
1 0.6223124999999999 0.14396875 0.051890625 0.19496875
1 0.5521874999999999 0.13414062499999999 0.035171875000000005 0.1881875
1 0.41314062500000004 0.046453125 0.022421875 0.06896875
1 0.43470312499999997 0.050078124999999994 0.017140625 0.052828125000000004
1 0.36593749999999997 0.092921875 0.028218749999999997 0.12348437500000001
1 0.31515624999999997 0.1005625 0.0251875 0.12376562499999999
1 0.242515625 0.21896875 0.03021875 0.175171875
1 0.208703125 0.185890625 0.03440625 0.1448125
1 0.28759375 0.16596875 0.023515625000000002 0.0975625
1 0.119234375 0.24095312500000002 0.04084375 0.162359375
1 0.073171875 0.222734375 0.036234375 0.114234375
1 0.31084375 0.54078125 0.06692187499999999 0.24670312499999997
1 0.262703125 0.5134218749999999 0.08415625 0.38664062499999996
1 0.929734375 0.340609375 0.07834375 0.22473437500000001
1 0.945875 0.1853125 0.030734375 0.082828125
1 0.9784375000000001 0.171125 0.034625 0.074484375