2 0.48515625 0.70078125 0.4734375 0.5984375
1 0.22912499999999997 0.834984375 0.167390625 0.33001562500000003
1 0.14260937499999998 0.5486875 0.09459375 0.54334375
1 0.0674375 0.42350000000000004 0.0714375 0.452734375
1 0.044296875 0.22404687499999998 0.048296875 0.16373437500000002
1 0.0985 0.211046875 0.045656249999999995 0.13193749999999999
1 0.19078124999999999 0.469984375 0.10009375000000001 0.5428124999999999
1 0.21392187499999998 0.243984375 0.03646875 0.25275
1 0.286203125 0.3044375 0.10004687500000001 0.382328125
1 0.367671875 0.194 0.0725 0.38801562500000003
1 0.50934375 0.16507812500000002 0.060453124999999996 0.330171875