2 0.4828125 0.41015625 0.203125 0.565625
1 0.809375 0.42421875 0.125 0.615625
1 0.6343125 0.69575 0.17059375000000002 0.6085
1 0.330125 0.671 0.18003125 0.6579843750000001
1 0.242 0.65928125 0.12809375 0.6814218750000001
1 0.041515625 0.8259531250000001 0.081296875 0.34809375
1 0.0354375 0.6151718749999999 0.06915625 0.291109375
1 0.24114062500000003 0.274984375 0.11246875 0.33990624999999997
1 0.10918749999999999 0.098734375 0.045265625 0.155609375
1 0.26278125 0.030375000000000003 0.035765625 0.059890624999999996
1 0.632921875 0.21903125 0.092640625 0.333515625
1 0.6029687499999999 0.396265625 0.09326562499999999 0.328875
1 0.9313125 0.418859375 0.11095312500000001 0.60090625
1 0.97940625 0.51803125 0.041171875000000004 0.568546875