1 0.31201171875 0.4646017699115044 0.1748046875 0.5899705014749262
1 0.4677734375 0.5294985250737463 0.322265625 0.7463126843657817
1 0.62060546875 0.19985250737463126 0.1591796875 0.3023598820058997
1 0.70849609375 0.5870206489675516 0.3076171875 0.7286135693215339
3 0.26025390625 0.3473451327433628 0.1826171875 0.3997050147492625
3 0.43408203125 0.3303834808259587 0.0927734375 0.2182890855457227
3 0.7255859375 0.4336283185840708 0.181640625 0.2448377581120944
1 0.85986328125 0.43805309734513276 0.0341796875 0.04129793510324484
1 0.92431640625 0.3193215339233038 0.0302734375 0.05457227138643068
1 0.9892578125 0.3089970501474926 0.021484375 0.06342182890855458
1 0.970703125 0.2949852507374631 0.0234375 0.038348082595870206