1 0.6947916666666667 0.28515625 0.078125 0.2921875
1 0.39947916666666666 0.7578125 0.15416666666666667 0.484375
1 0.12916666666666668 0.28046875 0.09270833333333334 0.3203125
1 0.4015625 0.1828125 0.05520833333333333 0.25625
1 0.2765625 0.2921875 0.05625 0.3203125
1 0.3223958333333333 0.18984375 0.06458333333333334 0.2625
3 0.26666666666666666 0.271875 0.03958333333333333 0.1046875
3 0.7151041666666667 0.2703125 0.04479166666666667 0.096875
3 0.4328125 0.7875 0.11145833333333334 0.1375
3 0.09479166666666666 0.1796875 0.052083333333333336 0.0578125
1 0.18407291666666667 0.758234375 0.14365624999999999 0.46879687499999995