1 0.40989583333333335 0.40234375 0.109375 0.359375
1 0.409375 0.18359375 0.041666666666666664 0.1921875
1 0.44895833333333335 0.24765625 0.06354166666666666 0.2390625
1 0.4895833333333333 0.27265625 0.05416666666666667 0.31875
3 0.371875 0.24921875 0.016666666666666666 0.046875
3 0.4666666666666667 0.23046875 0.01875 0.034375
1 0.2609375 0.14140625 0.023958333333333335 0.059375
1 0.22552083333333334 0.146875 0.01875 0.059375
1 0.24322916666666666 0.12109375 0.016666666666666666 0.0625
1 0.31197916666666664 0.1 0.017708333333333333 0.09375
1 0.3229166666666667 0.0859375 0.014583333333333334 0.0734375
1 0.3494791666666667 0.08671875 0.023958333333333335 0.084375