1 0.6123046875 0.5666178623718887 0.322265625 0.8667642752562226
1 0.26171875 0.5673499267935578 0.365234375 0.862371888726208
1 0.76611328125 0.9194729136163983 0.0966796875 0.15519765739385066
1 0.861328125 0.9341142020497804 0.087890625 0.13030746705710103
1 0.8701171875 0.7679355783308931 0.060546875 0.29282576866764276
1 0.8564453125 0.6493411420204978 0.0185546875 0.05856515373352855
1 0.9228515625 0.7920937042459737 0.0654296875 0.2957540263543192
1 0.927734375 0.9414348462664714 0.0615234375 0.11566617862371889
1 0.9658203125 0.8191800878477306 0.06640625 0.3294289897510981
3 0.2509765625 0.6961932650073206 0.220703125 0.6046852122986823
3 0.59814453125 0.6800878477306003 0.212890625 0.6383601756954612