1 0.035625000000000004 0.51228125 0.029796875 0.13864062500000002
2 0.09140625 0.46328125 0.075 0.1765625
1 0.43359375 0.50703125 0.078125 0.16875
1 0.51953125 0.6234375 0.0453125 0.25625
2 0.31796875 0.49921875 0.0921875 0.146875
1 0.568859375 0.62671875 0.063828125 0.150609375
1 0.355375 0.9391093749999999 0.059078125 0.121796875
1 0.2674375 0.8438593750000001 0.073421875 0.24512499999999998
1 0.144046875 0.9166874999999999 0.07890625 0.16084375
1 0.189828125 0.6669375 0.060578125000000003 0.239734375
1 0.198984375 0.52528125 0.067328125 0.1935625
1 0.21368749999999997 0.47325 0.04178125 0.158890625
1 0.298265625 0.411328125 0.051875000000000004 0.14784375
1 0.46429687499999994 0.3421875 0.02384375 0.052968749999999995
1 0.10115624999999999 0.39518749999999997 0.062546875 0.13003125
1 0.071046875 0.626046875 0.0410625 0.22957812500000002