2 0.7390625 0.5296875 0.0921875 0.1828125
1 0.3953125 0.76953125 0.14375 0.2671875
1 0.0724375 0.937109375 0.144875 0.125765625
1 0.041546875 0.73571875 0.0760625 0.12
1 0.918390625 0.6503593750000001 0.023359374999999998 0.051968749999999994
1 0.8825 0.7537499999999999 0.06218749999999999 0.198953125
1 0.846515625 0.5370781250000001 0.039109375 0.160953125
1 0.80371875 0.58078125 0.042828125 0.180046875
1 0.464375 0.323921875 0.030203124999999997 0.11784375
1 0.473734375 0.30481250000000004 0.012296875 0.10890625000000001
1 0.3229375 0.41048437499999996 0.049703125 0.148171875
1 0.251140625 0.36809375 0.044828125 0.079359375
1 0.05815625 0.43354687500000005 0.025640625 0.10521875
1 0.085203125 0.44737499999999997 0.027687499999999997 0.0791875
1 0.333359375 0.112546875 0.027140625 0.12592187500000002
1 0.213578125 0.12065624999999999 0.040921875 0.13193749999999999
1 0.016921875 0.22142187500000002 0.033828125 0.18053125
1 0.06784375000000001 0.170921875 0.034859375 0.12959375