1 0.4078125 0.6125 0.11875 0.21875
2 0.81328125 0.65390625 0.109375 0.125
1 0.83984375 0.553125 0.046875 0.140625
1 0.07265625 0.9390625 0.1453125 0.1203125
1 0.3921875 0.825 0.1390625 0.090625
1 0.876625 0.51096875 0.044796875 0.099015625
1 0.8986562499999999 0.60075 0.0575625 0.130265625
1 0.8762187499999999 0.708078125 0.06290625 0.1866875
1 0.68465625 0.532203125 0.045546875 0.15384375
1 0.785171875 0.51015625 0.037343749999999995 0.13696875
1 0.04425 0.7390156250000001 0.062953125 0.107671875
1 0.08646875000000001 0.46609375000000003 0.036140624999999996 0.16996875
1 0.245734375 0.425109375 0.047015625 0.18165625000000002
1 0.439015625 0.31996875 0.051000000000000004 0.07271875
1 0.344921875 0.113078125 0.044390625 0.114328125
1 0.21600000000000003 0.121046875 0.03578125 0.13929687500000001
1 0.10334375 0.15909374999999998 0.042046875 0.144984375