1 0.068078125 0.549015625 0.050453125 0.189625
2 0.10234375 0.4703125 0.065625 0.1734375
1 0.1734375 0.48828125 0.046875 0.2046875
1 0.2828125 0.70390625 0.0640625 0.209375
1 0.14796875 0.639625 0.094546875 0.14715625000000002
1 0.21973437499999998 0.686796875 0.055546874999999996 0.2366875
1 0.34782812500000004 0.534875 0.0495 0.19734374999999998
1 0.45665625 0.56121875 0.0619375 0.22173437499999998
1 0.43159375000000005 0.762984375 0.042640625 0.22932812500000002
1 0.352546875 0.9398593749999999 0.066625 0.120296875
1 0.45115625000000004 0.36 0.027609375000000002 0.06478125
1 0.52771875 0.3780625 0.0141875 0.07714062499999999