1 0.04840625 0.47028125000000004 0.030593749999999996 0.1315
1 0.078328125 0.446484375 0.035515625 0.14842187499999998
2 0.10546875 0.425 0.0453125 0.15
1 0.34567187499999996 0.9412499999999999 0.07535937499999999 0.11750000000000001
1 0.46915625 0.647546875 0.0551875 0.2064375
1 0.56825 0.34146875 0.033265625 0.137984375
1 0.43531250000000005 0.37190625 0.035078125 0.13515625
1 0.39878125 0.31040625 0.03821875 0.11928125
1 0.344375 0.36462500000000003 0.045640625000000004 0.1220625
1 0.297890625 0.31871875 0.037203125 0.12825
1 0.245765625 0.345953125 0.047078125 0.131234375
1 0.178171875 0.306359375 0.02175 0.0456875