1 0.2119140625 0.6815602836879433 0.421875 0.6056737588652482
1 0.39990234375 0.6333333333333333 0.4443359375 0.724822695035461
3 0.822265625 0.9028368794326241 0.23046875 0.1773049645390071
3 0.935546875 0.7198581560283688 0.12890625 0.1773049645390071
3 0.71435546875 0.7588652482269503 0.2314453125 0.19290780141843972
3 0.8681640625 0.5333333333333333 0.232421875 0.19858156028368795
3 0.9462890625 0.32056737588652484 0.107421875 0.15886524822695036
3 0.89306640625 0.14468085106382977 0.2138671875 0.19574468085106383
3 0.783203125 0.04822695035460993 0.2265625 0.09361702127659574
3 0.6513671875 0.22198581560283687 0.232421875 0.19432624113475178
3 0.4951171875 0.44113475177304967 0.177734375 0.15319148936170213
3 0.52197265625 0.08936170212765958 0.2314453125 0.17588652482269504
3 0.3623046875 0.300709219858156 0.234375 0.18156028368794327
3 0.21923828125 0.5177304964539007 0.1552734375 0.150354609929078
3 0.1337890625 0.3574468085106383 0.181640625 0.14184397163120568
3 0.2548828125 0.150354609929078 0.232421875 0.19574468085106383
3 0.07861328125 0.04326241134751773 0.1064453125 0.08368794326241134
3 0.06005859375 0.20354609929078013 0.1181640625 0.14326241134751774