1 0.53271484375 0.6071863580998782 0.9326171875 0.7831912302070646
1 0.11572265625 0.4415347137637028 0.0927734375 0.23751522533495736
1 0.12841796875 0.6906211936662606 0.1123046875 0.6163215590742996
1 0.1982421875 0.45554202192448234 0.04296875 0.2289890377588307
1 0.22998046875 0.4573690621193666 0.0419921875 0.23995127892813642
1 0.61328125 0.4543239951278928 0.048828125 0.23386114494518878
1 0.646484375 0.4451887941534714 0.033203125 0.24725943970767356
1 0.76708984375 0.5761266747868453 0.0849609375 0.5042630937880633
1 0.9453125 0.33678440925700365 0.041015625 0.12058465286236297
1 0.97412109375 0.46345919610231423 0.0498046875 0.3690621193666261
3 0.1728515625 0.39037758830694275 0.02734375 0.18392204628501826
3 0.201171875 0.620584652862363 0.029296875 0.08404384896467722
3 0.25927734375 0.3848964677222899 0.0458984375 0.1997563946406821
3 0.5107421875 0.7783191230207065 0.080078125 0.2143727161997564
3 0.58154296875 0.37758830694275275 0.0458984375 0.2095006090133983
3 0.640625 0.6090133982947625 0.083984375 0.06090133982947625
3 0.67431640625 0.3325213154689403 0.0283203125 0.1120584652862363
3 0.7001953125 0.27710109622411694 0.0703125 0.35931790499390986