3 0.21923828125 0.3440492476060191 0.1416015625 0.03146374829001368
3 0.232421875 0.39740082079343364 0.2421875 0.10259917920656635
3 0.283203125 0.42339261285909713 0.267578125 0.12448700410396717
1 0.87158203125 0.5820793433652531 0.1083984375 0.6032831737346102
1 0.93359375 0.627906976744186 0.1328125 0.7387140902872777
1 0.791015625 0.5991792065663475 0.19921875 0.801641586867305
1 0.59375 0.6108071135430917 0.162109375 0.7783857729138167
1 0.37109375 0.6203830369357045 0.1796875 0.6580027359781122
1 0.33984375 0.5779753761969905 0.13671875 0.5923392612859097
1 0.302734375 0.5629274965800274 0.083984375 0.4883720930232558
1 0.50439453125 0.6443228454172366 0.2080078125 0.7113543091655267