0 0.25146484375 0.8428781204111601 0.1279296875 0.1644640234948605
0 0.26953125 0.7973568281938326 0.142578125 0.18795888399412627
0 0.328125 0.7408223201174743 0.189453125 0.21879588839941264
0 0.3681640625 0.7048458149779736 0.24609375 0.24082232011747431
0 0.3994140625 0.6571218795888399 0.25390625 0.2393538913362702
0 0.43408203125 0.6284875183553598 0.3662109375 0.3201174743024963
0 0.21142578125 0.4713656387665198 0.2607421875 0.43171806167400884
0 0.0390625 0.05947136563876652 0.076171875 0.09251101321585903
0 0.47119140625 0.5829662261380323 0.2919921875 0.24963289280469897
0 0.4716796875 0.5418502202643172 0.34375 0.26725403817914833
0 0.5068359375 0.46402349486049926 0.33203125 0.27312775330396477
0 0.5107421875 0.41629955947136565 0.30859375 0.24816446402349487
0 0.54248046875 0.3876651982378855 0.3095703125 0.2643171806167401
0 0.61474609375 0.3575624082232012 0.4755859375 0.3245227606461087
0 0.64892578125 0.7562408223201175 0.1767578125 0.48751835535976507
0 0.685546875 0.7701908957415565 0.166015625 0.45961820851688695
0 0.7265625 0.7716593245227606 0.14453125 0.4566813509544787
0 0.77392578125 0.776064610866373 0.1591796875 0.447870778267254
0 0.8486328125 0.7878120411160059 0.16015625 0.4243759177679883
0 0.8955078125 0.8810572687224669 0.107421875 0.23788546255506607
0 0.93994140625 0.9419970631424376 0.0498046875 0.11600587371512482