1 0.4423828125 0.5534591194968553 0.185546875 0.36981132075471695
1 0.18212890625 0.5314465408805031 0.3173828125 0.2830188679245283
1 0.15625 0.510062893081761 0.232421875 0.9773584905660377
1 0.44189453125 0.7333333333333333 0.4716796875 0.24150943396226415
1 0.27685546875 0.26666666666666666 0.0244140625 0.08553459119496855
1 0.29931640625 0.27861635220125786 0.0283203125 0.08930817610062892
1 0.650390625 0.8603773584905661 0.458984375 0.27672955974842767
3 0.345703125 0.4767295597484277 0.060546875 0.025157232704402517
3 0.498046875 0.6025157232704402 0.1171875 0.042767295597484274
3 0.6923828125 0.6754716981132075 0.234375 0.10566037735849057
3 0.908203125 0.7704402515723271 0.158203125 0.1371069182389937
1 0.1982421875 0.24465408805031447 0.009765625 0.026415094339622643
1 0.22509765625 0.23522012578616353 0.0068359375 0.02012578616352201
1 0.26220703125 0.24528301886792453 0.0107421875 0.03522012578616352
1 0.31298828125 0.23270440251572327 0.0068359375 0.025157232704402517
1 0.2998046875 0.22955974842767296 0.005859375 0.016352201257861635
1 0.32080078125 0.2320754716981132 0.0068359375 0.02389937106918239
1 0.32763671875 0.23081761006289309 0.0068359375 0.018867924528301886
1 0.33447265625 0.24968553459119497 0.0126953125 0.028930817610062894
1 0.37646484375 0.23773584905660378 0.0146484375 0.03018867924528302
1 0.404296875 0.2371069182389937 0.01171875 0.031446540880503145
1 0.4130859375 0.23836477987421384 0.0078125 0.031446540880503145
1 0.45947265625 0.23459119496855346 0.0146484375 0.028930817610062894
1 0.4736328125 0.23773584905660378 0.013671875 0.025157232704402517