1 0.818359375 0.75341796875 0.12369791666666667 0.2216796875
1 0.17252604166666666 0.45556640625 0.13411458333333334 0.2509765625
1 0.22786458333333334 0.68359375 0.21875 0.1640625
1 0.4876302083333333 0.5078125 0.3424479166666667 0.123046875
1 0.4602864583333333 0.76611328125 0.26953125 0.1611328125
1 0.443359375 0.3935546875 0.19921875 0.15625
1 0.6302083333333334 0.70458984375 0.2578125 0.1962890625
1 0.8190104166666666 0.44482421875 0.19791666666666666 0.2431640625
3 0.33984375 0.38525390625 0.052083333333333336 0.0205078125
3 0.224609375 0.45849609375 0.18359375 0.0947265625
3 0.6223958333333334 0.53125 0.13020833333333334 0.044921875
3 0.810546875 0.43408203125 0.03515625 0.0908203125
3 0.7037760416666666 0.45556640625 0.10026041666666667 0.0537109375
3 0.48046875 0.4111328125 0.028645833333333332 0.08203125
3 0.3118489583333333 0.68505859375 0.11328125 0.0341796875
3 0.3912760416666667 0.783203125 0.14453125 0.13671875
3 0.6419270833333334 0.63818359375 0.15364583333333334 0.0947265625
3 0.7545572916666666 0.69140625 0.061197916666666664 0.021484375
3 0.8912760416666666 0.7607421875 0.02734375 0.072265625