3 0.37939453125 0.7082111436950147 0.0654296875 0.04398826979472141
3 0.3857421875 0.6444281524926686 0.076171875 0.045454545454545456
3 0.4423828125 0.38636363636363635 0.154296875 0.12756598240469208
3 0.40234375 0.7881231671554252 0.044921875 0.045454545454545456
1 0.62841796875 0.6407624633431085 0.4013671875 0.7038123167155426
1 0.83154296875 0.6906158357771262 0.1611328125 0.4252199413489736
1 0.4873046875 0.8247800586510264 0.02734375 0.1627565982404692
1 0.4140625 0.8328445747800587 0.033203125 0.11436950146627566
1 0.40185546875 0.7250733137829912 0.0634765625 0.10997067448680352
1 0.43505859375 0.7631964809384164 0.1044921875 0.32697947214076245
1 0.53564453125 0.7653958944281525 0.0498046875 0.2873900293255132