1 0.23779296875 0.45132743362831856 0.140625 0.39823008849557523
1 0.34228515625 0.5530973451327433 0.2421875 0.47345132743362833
1 0.357421875 0.7293510324483776 0.2158203125 0.2728613569321534
1 0.353515625 0.19985250737463126 0.052734375 0.11651917404129794
1 0.43701171875 0.4269911504424779 0.134765625 0.7300884955752213
1 0.59375 0.46238938053097345 0.1923828125 0.644542772861357
1 0.54345703125 0.6238938053097345 0.087890625 0.252212389380531
1 0.7705078125 0.6320058997050148 0.1103515625 0.4646017699115044
1 0.80859375 0.21165191740412978 0.0634765625 0.3952802359882006
1 0.81298828125 0.5752212389380531 0.0537109375 0.47640117994100295
3 0.1748046875 0.35766961651917406 0.0478515625 0.3687315634218289
3 0.2158203125 0.5088495575221239 0.05078125 0.4498525073746313
3 0.49169921875 0.5029498525073747 0.1630859375 0.15486725663716813
3 0.55419921875 0.7654867256637168 0.1064453125 0.13716814159292035