1 0.63623046875 0.6517006802721088 0.328125 0.5945578231292517
1 0.12646484375 0.672108843537415 0.2421875 0.5238095238095238
1 0.1484375 0.5108843537414965 0.16796875 0.4530612244897959
1 0.138671875 0.20612244897959184 0.1259765625 0.2163265306122449
1 0.17431640625 0.40680272108843535 0.1376953125 0.3945578231292517
1 0.220703125 0.3163265306122449 0.1201171875 0.15374149659863945
1 0.32470703125 0.6877551020408164 0.1953125 0.3578231292517007
1 0.47021484375 0.42653061224489797 0.1787109375 0.2571428571428571
3 0.29345703125 0.3380952380952381 0.28125 0.06938775510204082
3 0.29638671875 0.49115646258503404 0.271484375 0.05986394557823129
3 0.40478515625 0.4170068027210884 0.25 0.07346938775510205
3 0.46826171875 0.272108843537415 0.26171875 0.07755102040816327
3 0.4638671875 0.21496598639455783 0.1572265625 0.04897959183673469
3 0.56884765625 0.3843537414965986 0.3017578125 0.09659863945578231
3 0.55517578125 0.2891156462585034 0.1826171875 0.09659863945578231
3 0.79150390625 0.5428571428571428 0.4150390625 0.08843537414965986