3 0.5138686131386861 0.59814453125 0.5109489051094891 0.2080078125
3 0.6051094890510949 0.34375 0.08321167883211679 0.2734375
1 0.6751824817518248 0.34521484375 0.3284671532846715 0.4951171875
1 0.5197080291970803 0.8251953125 0.9021897810218978 0.349609375
1 0.37518248175182484 0.55029296875 0.5693430656934306 0.3818359375
1 0.5109489051094891 0.40234375 0.15474452554744525 0.20703125
1 0.4058394160583942 0.3515625 0.12846715328467154 0.244140625
1 0.2751824817518248 0.31689453125 0.11824817518248175 0.1767578125
1 0.2569343065693431 0.23193359375 0.06423357664233577 0.0302734375
3 0.23065693430656933 0.21142578125 0.017518248175182483 0.0673828125
1 0.19124087591240876 0.23193359375 0.035036496350364967 0.0419921875