1 0.041015625 0.49041297935103245 0.0751953125 0.2949852507374631
1 0.1103515625 0.5213864306784661 0.0830078125 0.29646017699115046
1 0.150390625 0.5294985250737463 0.05859375 0.29056047197640117
1 0.236328125 0.5648967551622419 0.1748046875 0.5545722713864307
1 0.3203125 0.5294985250737463 0.0830078125 0.2743362831858407
1 0.42626953125 0.5567846607669616 0.13671875 0.5206489675516224
1 0.48388671875 0.5641592920353983 0.0771484375 0.1873156342182891
1 0.5166015625 0.5191740412979351 0.05859375 0.13864306784660768
1 0.6357421875 0.5730088495575221 0.134765625 0.45722713864306785
1 0.67333984375 0.45132743362831856 0.041015625 0.08849557522123894
1 0.69921875 0.5132743362831859 0.0302734375 0.13569321533923304
1 0.75830078125 0.5833333333333334 0.1220703125 0.41150442477876104
1 0.79296875 0.43289085545722716 0.033203125 0.048672566371681415
1 0.8369140625 0.5693215339233039 0.103515625 0.4026548672566372
1 0.9267578125 0.5700589970501475 0.1044921875 0.38495575221238937
1 0.9892578125 0.5110619469026548 0.0205078125 0.13126843657817108
3 0.09375 0.5464601769911505 0.12109375 0.1504424778761062
3 0.17919921875 0.26843657817109146 0.0478515625 0.21091445427728614
3 0.3154296875 0.5663716814159292 0.0986328125 0.14896755162241887
3 0.388671875 0.27064896755162243 0.02734375 0.20648967551622419
3 0.58740234375 0.3532448377581121 0.0166015625 0.16666666666666666
3 0.7265625 0.33185840707964603 0.0146484375 0.20501474926253688
3 0.72412109375 0.33185840707964603 0.0009765625 0.19321533923303835
3 0.806640625 0.3466076696165192 0.0126953125 0.15339233038348082
3 0.88134765625 0.38495575221238937 0.0048828125 0.11356932153392331
3 0.89599609375 0.3724188790560472 0.0146484375 0.13126843657817108