2 0.16015625 0.68203125 0.221875 0.271875
1 0.784921875 0.76871875 0.068078125 0.22004687500000003
1 0.8117812499999999 0.6812343750000001 0.04409375 0.25034375
1 0.608453125 0.613015625 0.03540625 0.19315625
1 0.710890625 0.76434375 0.08453125 0.215421875
1 0.5056406250000001 0.5155000000000001 0.037859375 0.145328125
1 0.526625 0.623875 0.054781250000000004 0.183421875
1 0.5058125 0.664015625 0.054031249999999996 0.183078125
1 0.4886875 0.780109375 0.04815625 0.131390625
1 0.24910937500000002 0.338140625 0.035828125 0.08771875
1 0.28137500000000004 0.431046875 0.0383125 0.1270625
1 0.33415625000000004 0.47815624999999995 0.033203125 0.141796875
1 0.366234375 0.420921875 0.02353125 0.12157812500000001
1 0.40123437500000003 0.518296875 0.032234374999999996 0.14260937499999998
1 0.37825000000000003 0.62584375 0.0489375 0.19078124999999999
1 0.41628125000000005 0.650828125 0.05915625 0.190765625
1 0.314671875 0.64278125 0.0850625 0.182640625
1 0.286203125 0.630859375 0.04340625 0.20193750000000002