1 0.3035 0.7493472222222222 0.154640625 0.3068194444444444
3 0.372203125 0.8649444444444444 0.20491406250000002 0.11119444444444444
1 0.5003671875 0.161375 0.08497656249999999 0.32275
1 0.4814765625 0.7132916666666668 0.1743515625 0.34618055555555555
1 0.5908515624999999 0.6178611111111111 0.18525 0.3312083333333333
1 0.2770546875 0.4639305555555555 0.1623984375 0.3342361111111111
3 0.2942421875 0.4445694444444444 0.12350781250000001 0.13229166666666667
1 0.6436328125 0.4686666666666667 0.09130468750000001 0.1904722222222222
1 0.7027421875 0.49306944444444445 0.06703125 0.1867222222222222
1 0.742328125 0.4109722222222222 0.063859375 0.18577777777777776
1 0.6431015625 0.3649861111111111 0.10503124999999999 0.1876527777777778
3 0.518546875 0.897 0.0754765625 0.15951388888888887
3 0.5085234375 0.8294444444444445 0.063859375 0.23269444444444443
3 0.49040625000000004 0.1824722222222222 0.0117265625 0.06497222222222222