1 0.27537500000000004 0.7271249999999999 0.181203125 0.26237499999999997
3 0.3155625 0.6350833333333333 0.0978828125 0.40425
1 0.5003671875 0.161375 0.08497656249999999 0.32275
1 0.39163281250000004 0.5646805555555555 0.1306015625 0.38784722222222223
1 0.6162421874999999 0.6539722222222223 0.13446875 0.2589861111111111
1 0.2801796875 0.3792083333333333 0.1623984375 0.3342361111111111
3 0.3106484375 0.30706944444444445 0.12350781250000001 0.13229166666666667
1 0.6436328125 0.4686666666666667 0.09130468750000001 0.1904722222222222
1 0.7027421875 0.49306944444444445 0.06703125 0.1867222222222222
1 0.742328125 0.4109722222222222 0.063859375 0.18577777777777776
1 0.6431015625 0.3649861111111111 0.10503124999999999 0.1876527777777778
3 0.5085234375 0.8294444444444445 0.063859375 0.23269444444444443
3 0.54040625 0.18802777777777777 0.0117265625 0.06497222222222222
3 0.45625 0.5305555555555556 0.1234375 0.11666666666666667