1 0.2809453125 0.770361111111111 0.1700703125 0.1758888888888889
3 0.3700703125 0.7635138888888889 0.1254296875 0.18179166666666666
1 0.5003671875 0.161375 0.08497656249999999 0.32275
1 0.30225 0.3995277777777778 0.1306015625 0.38784722222222223
1 0.5936796875 0.6425138888888889 0.13446875 0.2589861111111111
1 0.2223671875 0.258375 0.0764609375 0.30645833333333333
3 0.264640625 0.20104166666666667 0.0684140625 0.047375
1 0.6436328125 0.4686666666666667 0.09130468750000001 0.1904722222222222
1 0.7027421875 0.49306944444444445 0.06703125 0.1867222222222222
1 0.742328125 0.4109722222222222 0.063859375 0.18577777777777776
1 0.6431015625 0.3649861111111111 0.10503124999999999 0.1876527777777778
3 0.5041249999999999 0.8049583333333334 0.063859375 0.23269444444444443
3 0.5134531250000001 0.12552777777777777 0.0281328125 0.03163888888888889
3 0.3196875 0.2523472222222222 0.02496875 0.21148611111111112