2 0.25 0.82265625 0.1640625 0.2828125
1 0.18984375 0.64375 0.1140625 0.1875
1 0.801921875 0.592421875 0.08796875 0.26349999999999996
1 0.528296875 0.9446249999999999 0.07664062499999999 0.11074999999999999
1 0.40149999999999997 0.2543125 0.07425000000000001 0.2730625
1 0.48776562500000004 0.10032812499999999 0.075828125 0.200640625
1 0.7144375000000001 0.12273437499999999 0.054890625000000005 0.208796875
1 0.20182812499999997 0.164859375 0.062484375 0.216640625
1 0.205390625 0.06171875 0.050015624999999994 0.1234375
1 0.1394375 0.15031250000000002 0.05337499999999999 0.21150000000000002
1 0.099109375 0.41382812500000005 0.0663125 0.243859375
1 0.6728125 0.038328125000000005 0.034578125 0.07665625000000001