2 0.2734375 0.190625 0.0734375 0.1578125
1 0.6015625 0.41015625 0.1203125 0.29375
1 0.765 0.823609375 0.0703125 0.347703125
1 0.870203125 0.9455937499999999 0.053859375 0.1088125
1 0.783125 0.37725 0.049062499999999995 0.252140625
1 0.352140625 0.592234375 0.088625 0.336671875
1 0.36729687499999997 0.41048437499999996 0.060421875 0.21407812499999998
1 0.290390625 0.390890625 0.05765625 0.23703124999999997
1 0.241828125 0.34582812500000004 0.03821875 0.19821875
1 0.23496875 0.23118750000000002 0.03821875 0.107515625
1 0.32446875 0.15326562500000002 0.0310625 0.15948437499999998
1 0.3665625 0.17934375 0.030671874999999998 0.17279687500000002
1 0.46464062500000003 0.053328125000000004 0.040578125 0.10665625000000001
1 0.51471875 0.083484375 0.039 0.134265625
1 0.550703125 0.0730625 0.033 0.144875
1 0.707046875 0.22448437499999999 0.028859375 0.198609375
1 0.673921875 0.11951562499999999 0.035703125 0.13771875
1 0.604796875 0.19459375 0.06348437500000001 0.182984375
1 0.72590625 0.16540625 0.024828125 0.181484375