2 0.75859375 0.234375 0.0828125 0.1109375
1 0.625 0.6046875 0.09375 0.334375
1 0.7125 0.428125 0.0546875 0.2453125
1 0.6859375 0.1671875 0.0359375 0.1359375
1 0.54375 0.39453125 0.05 0.2765625
1 0.39765625 0.3453125 0.0453125 0.265625
1 0.4578125 0.340625 0.053125 0.2484375
1 0.175 0.38125 0.059375 0.2546875
1 0.27890625 0.16328125 0.034375 0.1875
1 0.45437500000000003 0.07179687500000001 0.024203125 0.14359375000000002
1 0.477234375 0.08715625 0.0313125 0.135015625
1 0.506859375 0.0676875 0.031640625 0.130625
1 0.620296875 0.19598437500000002 0.03409375 0.184046875
1 0.328765625 0.21121875 0.031953125 0.19824999999999998
1 0.321140625 0.1169375 0.023921875000000002 0.133640625
1 0.350765625 0.22865625 0.048625 0.194515625
1 0.23903124999999997 0.8242499999999999 0.093359375 0.35148437499999996