2 0.7359375 0.7015625 0.125 0.2109375
1 0.01625 0.542703125 0.032484374999999996 0.166484375
1 0.0865625 0.525921875 0.045484375 0.197421875
1 0.091671875 0.438 0.031578125 0.09253125
1 0.139453125 0.43639062500000003 0.058921875 0.19975
1 0.282109375 0.369921875 0.03903125 0.17053125
1 0.27671875 0.53590625 0.049171875 0.19823437500000002
1 0.34768750000000004 0.4806875 0.032484374999999996 0.18934375
1 0.41271874999999997 0.44242187499999996 0.029281249999999998 0.1635625
1 0.441703125 0.50253125 0.039671875 0.198484375
1 0.47215625 0.41540625000000003 0.047296875 0.16459375
1 0.653734375 0.45578124999999997 0.035671875 0.08240625
1 0.594734375 0.520671875 0.04453125 0.189359375
1 0.54778125 0.59728125 0.04959375 0.185375
1 0.49692187499999996 0.6423593750000001 0.049796875000000004 0.21579687500000003
1 0.84903125 0.428203125 0.05721875 0.163265625
1 0.61640625 0.10600000000000001 0.04390625 0.10859375