2 0.475 0.57109375 0.40625 0.6421875
1 0.211078125 0.8789843749999999 0.13928125 0.24203125
1 0.077375 0.8047656249999999 0.154765625 0.39045312499999996
1 0.0743125 0.437375 0.09764062500000001 0.32599999999999996
1 0.028046875 0.28953125 0.056078125 0.197171875
1 0.0590625 0.1920625 0.03753125 0.169671875
1 0.1075 0.244484375 0.060484375 0.26453125
1 0.13446875 0.355515625 0.054484374999999995 0.212859375
1 0.1951875 0.1883125 0.046 0.376625
1 0.34734375 0.0861875 0.06271875 0.172375
1 0.54484375 0.054890625000000005 0.052953125000000004 0.10979687499999999
1 0.7535937500000001 0.327578125 0.08832812500000001 0.62340625
1 0.9691562499999999 0.314046875 0.06168749999999999 0.613546875