2 0.25 0.5703125 0.5 0.859375
1 0.038859375 0.24162499999999998 0.077703125 0.36912500000000004
1 0.2228125 0.1378125 0.0570625 0.12992187500000002
1 0.48946875 0.1550625 0.025625 0.167203125
1 0.395421875 0.15034375 0.0316875 0.18878124999999998
1 0.45542187500000003 0.26125 0.035734375 0.244734375
1 0.40756249999999994 0.2518125 0.041125 0.23934375000000002
1 0.742640625 0.2535 0.06 0.16315625
1 0.7507343750000001 0.271703125 0.037078125 0.13484374999999998
1 0.735890625 0.17428125 0.035734375 0.08832812500000001
1 0.910515625 0.32799999999999996 0.05190625 0.23395312499999998
1 0.9779375 0.308109375 0.039781250000000004 0.159109375