2 0.3703125 0.59296875 0.240625 0.7765625
1 0.499875 0.641671875 0.183953125 0.7166406249999999
1 0.66325 0.9285 0.115390625 0.143015625
1 0.932453125 0.8266406249999999 0.13509374999999998 0.33020312500000004
1 0.7717968749999999 0.74165625 0.22737500000000002 0.516703125
1 0.9233125 0.52840625 0.15335937500000002 0.750609375
1 0.958171875 0.20509375 0.08367187499999999 0.41017187499999996
1 0.92775 0.076546875 0.045703125 0.1508125
1 0.8854843750000001 0.133671875 0.038843749999999996 0.10510937499999999
1 0.866625 0.069125 0.094828125 0.13825
1 0.80778125 0.3210625 0.16909375 0.361046875
1 0.67353125 0.5644375 0.179375 0.5964375000000001
1 0.772359375 0.23879687500000002 0.09596875 0.468453125
1 0.674109375 0.28278125 0.14625 0.22737500000000002
1 0.6838124999999999 0.11654687500000001 0.074265625 0.10510937499999999
1 0.670671875 0.03428125 0.029703125000000004 0.068546875
1 0.7032499999999999 0.033703125 0.033140625 0.06740625
1 0.6032656249999999 0.287921875 0.100546875 0.5735625
1 0.578125 0.029140624999999996 0.045703125 0.058265625
1 0.519859375 0.24279687499999997 0.084546875 0.41475
1 0.47015624999999994 0.196515625 0.14053125 0.18053125
1 0.444453125 0.10968750000000001 0.066265625 0.139390625
1 0.37590625 0.1628125 0.066265625 0.24107812499999998
1 0.293640625 0.16225 0.082265625 0.23535937499999998
1 0.1645 0.21515625 0.106328125 0.3275625
1 0.21159374999999997 0.160921875 0.032109375 0.08349999999999999
1 0.20303125 0.604546875 0.15914062499999998 0.79090625
1 0.093484375 0.614125 0.18696875 0.77175
1 0.033578125 0.29615625 0.067171875 0.216953125