2 0.75390625 0.3390625 0.153125 0.3953125
2 0.2921875 0.50546875 0.459375 0.6484375
1 0.37075 0.663171875 0.272453125 0.67365625
1 0.594796875 0.648703125 0.197609375 0.70259375
1 0.765953125 0.696609375 0.2185625 0.606796875
1 0.943609375 0.687125 0.11278125000000001 0.62575
1 0.73153125 0.13373437500000002 0.17365625 0.24351562499999999
1 0.8517812499999999 0.32634375000000004 0.10079687500000001 0.534921875
1 0.9466093750000001 0.32284375 0.10679687499999999 0.462078125
1 0.412671875 0.22604687499999998 0.08882812500000001 0.256484375
1 0.148703125 0.1546875 0.061875 0.07584375